[out:json][timeout:60];

// Gebäude
way["building"](poly:"49.013194314346975 8.405442737039465 49.01154897124982 8.407585018479693 49.011526307742315 8.407695587844046 49.010556296715805 8.408974043411575 49.01108663042524 8.410059005302372 49.01041578000007 8.411420390604604 49.00932336232876 8.411323642410906 49.00906499438972 8.417093997532305 49.009740395880414 8.417681397281825 49.00968600501193 8.418983219885689 49.01028434027242 8.42053810157634 49.01133236106867 8.420427535222558 49.01135955738249 8.420068184787027 49.01143661352489 8.420012900104354 49.01334938120428 8.420095824250012 49.01332218379298 8.422763193257452 49.017804649267305 8.42173353607518 49.01689368261111 8.417870518897246 49.018080184207975 8.417267044774832 49.019125340638084 8.41646249118341 49.019253104823036 8.415843466101506 49.01937609418994 8.414941247895598 49.0191766517373 8.414733433592573 49.01898053254675 8.414348216836089 49.018900755027715 8.414109990683698 49.01882430145193 8.413658881586656 49.01888745876201 8.413238184339122 49.018578319585316 8.413283802111721 49.01839549443787 8.41347641049154 49.01812394566758 8.413560218398459 49.0174946362429 8.413333363536168 49.01727574414332 8.413174304379453 49.01732143989571 8.413343127792814 49.01710174193454 8.41355003404388 49.01672049918619 8.413599297136443 49.01617124583436 8.413628855172533 49.01575609311132 8.413471550981853 49.014842602028835 8.413292657677118 49.01468395488257 8.41332691899288 49.01425793066895 8.413622975798518 49.01400579217224 8.413693675930205 49.0135913548568 8.413706932205145 49.01360025688601 8.41317100626219 49.0135014733666 8.413028321147436 49.01352356969733 8.412661699671133 49.013634051203184 8.412564594522763 49.01366264637636 8.411948274095863 49.01360467649178 8.41189465633073 49.01375627072687 8.40810023613787 49.013720898692526 8.407973113513236 49.01382701472059 8.40783828648702 49.0138973984441 8.406070805546904 49.013639691410305 8.406013714697679 49.0135339967548 8.40586022180318 49.01324541685315 8.405361212042862 49.013194314346975 8.405442737039465");
relation["building"](poly:"49.013194314346975 8.405442737039465 49.01154897124982 8.407585018479693 49.011526307742315 8.407695587844046 49.010556296715805 8.408974043411575 49.01108663042524 8.410059005302372 49.01041578000007 8.411420390604604 49.00932336232876 8.411323642410906 49.00906499438972 8.417093997532305 49.009740395880414 8.417681397281825 49.00968600501193 8.418983219885689 49.01028434027242 8.42053810157634 49.01133236106867 8.420427535222558 49.01135955738249 8.420068184787027 49.01143661352489 8.420012900104354 49.01334938120428 8.420095824250012 49.01332218379298 8.422763193257452 49.017804649267305 8.42173353607518 49.01689368261111 8.417870518897246 49.018080184207975 8.417267044774832 49.019125340638084 8.41646249118341 49.019253104823036 8.415843466101506 49.01937609418994 8.414941247895598 49.0191766517373 8.414733433592573 49.01898053254675 8.414348216836089 49.018900755027715 8.414109990683698 49.01882430145193 8.413658881586656 49.01888745876201 8.413238184339122 49.018578319585316 8.413283802111721 49.01839549443787 8.41347641049154 49.01812394566758 8.413560218398459 49.0174946362429 8.413333363536168 49.01727574414332 8.413174304379453 49.01732143989571 8.413343127792814 49.01710174193454 8.41355003404388 49.01672049918619 8.413599297136443 49.01617124583436 8.413628855172533 49.01575609311132 8.413471550981853 49.014842602028835 8.413292657677118 49.01468395488257 8.41332691899288 49.01425793066895 8.413622975798518 49.01400579217224 8.413693675930205 49.0135913548568 8.413706932205145 49.01360025688601 8.41317100626219 49.0135014733666 8.413028321147436 49.01352356969733 8.412661699671133 49.013634051203184 8.412564594522763 49.01366264637636 8.411948274095863 49.01360467649178 8.41189465633073 49.01375627072687 8.40810023613787 49.013720898692526 8.407973113513236 49.01382701472059 8.40783828648702 49.0138973984441 8.406070805546904 49.013639691410305 8.406013714697679 49.0135339967548 8.40586022180318 49.01324541685315 8.405361212042862 49.013194314346975 8.405442737039465");

// KFZ-Stellplätze und Parkhäuser
way["amenity"~"parking|parking_space|parking_multi_storey|parking_underground|parking_structure"](poly:"49.013194314346975 8.405442737039465 49.01154897124982 8.407585018479693 49.011526307742315 8.407695587844046 49.010556296715805 8.408974043411575 49.01108663042524 8.410059005302372 49.01041578000007 8.411420390604604 49.00932336232876 8.411323642410906 49.00906499438972 8.417093997532305 49.009740395880414 8.417681397281825 49.00968600501193 8.418983219885689 49.01028434027242 8.42053810157634 49.01133236106867 8.420427535222558 49.01135955738249 8.420068184787027 49.01143661352489 8.420012900104354 49.01334938120428 8.420095824250012 49.01332218379298 8.422763193257452 49.017804649267305 8.42173353607518 49.01689368261111 8.417870518897246 49.018080184207975 8.417267044774832 49.019125340638084 8.41646249118341 49.019253104823036 8.415843466101506 49.01937609418994 8.414941247895598 49.0191766517373 8.414733433592573 49.01898053254675 8.414348216836089 49.018900755027715 8.414109990683698 49.01882430145193 8.413658881586656 49.01888745876201 8.413238184339122 49.018578319585316 8.413283802111721 49.01839549443787 8.41347641049154 49.01812394566758 8.413560218398459 49.0174946362429 8.413333363536168 49.01727574414332 8.413174304379453 49.01732143989571 8.413343127792814 49.01710174193454 8.41355003404388 49.01672049918619 8.413599297136443 49.01617124583436 8.413628855172533 49.01575609311132 8.413471550981853 49.014842602028835 8.413292657677118 49.01468395488257 8.41332691899288 49.01425793066895 8.413622975798518 49.01400579217224 8.413693675930205 49.0135913548568 8.413706932205145 49.01360025688601 8.41317100626219 49.0135014733666 8.413028321147436 49.01352356969733 8.412661699671133 49.013634051203184 8.412564594522763 49.01366264637636 8.411948274095863 49.01360467649178 8.41189465633073 49.01375627072687 8.40810023613787 49.013720898692526 8.407973113513236 49.01382701472059 8.40783828648702 49.0138973984441 8.406070805546904 49.013639691410305 8.406013714697679 49.0135339967548 8.40586022180318 49.01324541685315 8.405361212042862 49.013194314346975 8.405442737039465");
relation["amenity"~"parking|parking_space|parking_multi_storey|parking_underground|parking_structure"](poly:"49.013194314346975 8.405442737039465 49.01154897124982 8.407585018479693 49.011526307742315 8.407695587844046 49.010556296715805 8.408974043411575 49.01108663042524 8.410059005302372 49.01041578000007 8.411420390604604 49.00932336232876 8.411323642410906 49.00906499438972 8.417093997532305 49.009740395880414 8.417681397281825 49.00968600501193 8.418983219885689 49.01028434027242 8.42053810157634 49.01133236106867 8.420427535222558 49.01135955738249 8.420068184787027 49.01143661352489 8.420012900104354 49.01334938120428 8.420095824250012 49.01332218379298 8.422763193257452 49.017804649267305 8.42173353607518 49.01689368261111 8.417870518897246 49.018080184207975 8.417267044774832 49.019125340638084 8.41646249118341 49.019253104823036 8.415843466101506 49.01937609418994 8.414941247895598 49.0191766517373 8.414733433592573 49.01898053254675 8.414348216836089 49.018900755027715 8.414109990683698 49.01882430145193 8.413658881586656 49.01888745876201 8.413238184339122 49.018578319585316 8.413283802111721 49.01839549443787 8.41347641049154 49.01812394566758 8.413560218398459 49.0174946362429 8.413333363536168 49.01727574414332 8.413174304379453 49.01732143989571 8.413343127792814 49.01710174193454 8.41355003404388 49.01672049918619 8.413599297136443 49.01617124583436 8.413628855172533 49.01575609311132 8.413471550981853 49.014842602028835 8.413292657677118 49.01468395488257 8.41332691899288 49.01425793066895 8.413622975798518 49.01400579217224 8.413693675930205 49.0135913548568 8.413706932205145 49.01360025688601 8.41317100626219 49.0135014733666 8.413028321147436 49.01352356969733 8.412661699671133 49.013634051203184 8.412564594522763 49.01366264637636 8.411948274095863 49.01360467649178 8.41189465633073 49.01375627072687 8.40810023613787 49.013720898692526 8.407973113513236 49.01382701472059 8.40783828648702 49.0138973984441 8.406070805546904 49.013639691410305 8.406013714697679 49.0135339967548 8.40586022180318 49.01324541685315 8.405361212042862 49.013194314346975 8.405442737039465");

// Fahrradabstellungen
node["amenity"~"bicycle_parking"](poly:"49.013194314346975 8.405442737039465 49.01154897124982 8.407585018479693 49.011526307742315 8.407695587844046 49.010556296715805 8.408974043411575 49.01108663042524 8.410059005302372 49.01041578000007 8.411420390604604 49.00932336232876 8.411323642410906 49.00906499438972 8.417093997532305 49.009740395880414 8.417681397281825 49.00968600501193 8.418983219885689 49.01028434027242 8.42053810157634 49.01133236106867 8.420427535222558 49.01135955738249 8.420068184787027 49.01143661352489 8.420012900104354 49.01334938120428 8.420095824250012 49.01332218379298 8.422763193257452 49.017804649267305 8.42173353607518 49.01689368261111 8.417870518897246 49.018080184207975 8.417267044774832 49.019125340638084 8.41646249118341 49.019253104823036 8.415843466101506 49.01937609418994 8.414941247895598 49.0191766517373 8.414733433592573 49.01898053254675 8.414348216836089 49.018900755027715 8.414109990683698 49.01882430145193 8.413658881586656 49.01888745876201 8.413238184339122 49.018578319585316 8.413283802111721 49.01839549443787 8.41347641049154 49.01812394566758 8.413560218398459 49.0174946362429 8.413333363536168 49.01727574414332 8.413174304379453 49.01732143989571 8.413343127792814 49.01710174193454 8.41355003404388 49.01672049918619 8.413599297136443 49.01617124583436 8.413628855172533 49.01575609311132 8.413471550981853 49.014842602028835 8.413292657677118 49.01468395488257 8.41332691899288 49.01425793066895 8.413622975798518 49.01400579217224 8.413693675930205 49.0135913548568 8.413706932205145 49.01360025688601 8.41317100626219 49.0135014733666 8.413028321147436 49.01352356969733 8.412661699671133 49.013634051203184 8.412564594522763 49.01366264637636 8.411948274095863 49.01360467649178 8.41189465633073 49.01375627072687 8.40810023613787 49.013720898692526 8.407973113513236 49.01382701472059 8.40783828648702 49.0138973984441 8.406070805546904 49.013639691410305 8.406013714697679 49.0135339967548 8.40586022180318 49.01324541685315 8.405361212042862 49.013194314346975 8.405442737039465");
way["amenity"~"bicycle_parking"](poly:"49.013194314346975 8.405442737039465 49.01154897124982 8.407585018479693 49.011526307742315 8.407695587844046 49.010556296715805 8.408974043411575 49.01108663042524 8.410059005302372 49.01041578000007 8.411420390604604 49.00932336232876 8.411323642410906 49.00906499438972 8.417093997532305 49.009740395880414 8.417681397281825 49.00968600501193 8.418983219885689 49.01028434027242 8.42053810157634 49.01133236106867 8.420427535222558 49.01135955738249 8.420068184787027 49.01143661352489 8.420012900104354 49.01334938120428 8.420095824250012 49.01332218379298 8.422763193257452 49.017804649267305 8.42173353607518 49.01689368261111 8.417870518897246 49.018080184207975 8.417267044774832 49.019125340638084 8.41646249118341 49.019253104823036 8.415843466101506 49.01937609418994 8.414941247895598 49.0191766517373 8.414733433592573 49.01898053254675 8.414348216836089 49.018900755027715 8.414109990683698 49.01882430145193 8.413658881586656 49.01888745876201 8.413238184339122 49.018578319585316 8.413283802111721 49.01839549443787 8.41347641049154 49.01812394566758 8.413560218398459 49.0174946362429 8.413333363536168 49.01727574414332 8.413174304379453 49.01732143989571 8.413343127792814 49.01710174193454 8.41355003404388 49.01672049918619 8.413599297136443 49.01617124583436 8.413628855172533 49.01575609311132 8.413471550981853 49.014842602028835 8.413292657677118 49.01468395488257 8.41332691899288 49.01425793066895 8.413622975798518 49.01400579217224 8.413693675930205 49.0135913548568 8.413706932205145 49.01360025688601 8.41317100626219 49.0135014733666 8.413028321147436 49.01352356969733 8.412661699671133 49.013634051203184 8.412564594522763 49.01366264637636 8.411948274095863 49.01360467649178 8.41189465633073 49.01375627072687 8.40810023613787 49.013720898692526 8.407973113513236 49.01382701472059 8.40783828648702 49.0138973984441 8.406070805546904 49.013639691410305 8.406013714697679 49.0135339967548 8.40586022180318 49.01324541685315 8.405361212042862 49.013194314346975 8.405442737039465");
relation["amenity"~"bicycle_parking"](poly:"49.013194314346975 8.405442737039465 49.01154897124982 8.407585018479693 49.011526307742315 8.407695587844046 49.010556296715805 8.408974043411575 49.01108663042524 8.410059005302372 49.01041578000007 8.411420390604604 49.00932336232876 8.411323642410906 49.00906499438972 8.417093997532305 49.009740395880414 8.417681397281825 49.00968600501193 8.418983219885689 49.01028434027242 8.42053810157634 49.01133236106867 8.420427535222558 49.01135955738249 8.420068184787027 49.01143661352489 8.420012900104354 49.01334938120428 8.420095824250012 49.01332218379298 8.422763193257452 49.017804649267305 8.42173353607518 49.01689368261111 8.417870518897246 49.018080184207975 8.417267044774832 49.019125340638084 8.41646249118341 49.019253104823036 8.415843466101506 49.01937609418994 8.414941247895598 49.0191766517373 8.414733433592573 49.01898053254675 8.414348216836089 49.018900755027715 8.414109990683698 49.01882430145193 8.413658881586656 49.01888745876201 8.413238184339122 49.018578319585316 8.413283802111721 49.01839549443787 8.41347641049154 49.01812394566758 8.413560218398459 49.0174946362429 8.413333363536168 49.01727574414332 8.413174304379453 49.01732143989571 8.413343127792814 49.01710174193454 8.41355003404388 49.01672049918619 8.413599297136443 49.01617124583436 8.413628855172533 49.01575609311132 8.413471550981853 49.014842602028835 8.413292657677118 49.01468395488257 8.41332691899288 49.01425793066895 8.413622975798518 49.01400579217224 8.413693675930205 49.0135913548568 8.413706932205145 49.01360025688601 8.41317100626219 49.0135014733666 8.413028321147436 49.01352356969733 8.412661699671133 49.013634051203184 8.412564594522763 49.01366264637636 8.411948274095863 49.01360467649178 8.41189465633073 49.01375627072687 8.40810023613787 49.013720898692526 8.407973113513236 49.01382701472059 8.40783828648702 49.0138973984441 8.406070805546904 49.013639691410305 8.406013714697679 49.0135339967548 8.40586022180318 49.01324541685315 8.405361212042862 49.013194314346975 8.405442737039465");

// Grün- und Rasenflächen
way["leisure"~"park|garden|recreation_ground"](poly:"49.013194314346975 8.405442737039465 49.01154897124982 8.407585018479693 49.011526307742315 8.407695587844046 49.010556296715805 8.408974043411575 49.01108663042524 8.410059005302372 49.01041578000007 8.411420390604604 49.00932336232876 8.411323642410906 49.00906499438972 8.417093997532305 49.009740395880414 8.417681397281825 49.00968600501193 8.418983219885689 49.01028434027242 8.42053810157634 49.01133236106867 8.420427535222558 49.01135955738249 8.420068184787027 49.01143661352489 8.420012900104354 49.01334938120428 8.420095824250012 49.01332218379298 8.422763193257452 49.017804649267305 8.42173353607518 49.01689368261111 8.417870518897246 49.018080184207975 8.417267044774832 49.019125340638084 8.41646249118341 49.019253104823036 8.415843466101506 49.01937609418994 8.414941247895598 49.0191766517373 8.414733433592573 49.01898053254675 8.414348216836089 49.018900755027715 8.414109990683698 49.01882430145193 8.413658881586656 49.01888745876201 8.413238184339122 49.018578319585316 8.413283802111721 49.01839549443787 8.41347641049154 49.01812394566758 8.413560218398459 49.0174946362429 8.413333363536168 49.01727574414332 8.413174304379453 49.01732143989571 8.413343127792814 49.01710174193454 8.41355003404388 49.01672049918619 8.413599297136443 49.01617124583436 8.413628855172533 49.01575609311132 8.413471550981853 49.014842602028835 8.413292657677118 49.01468395488257 8.41332691899288 49.01425793066895 8.413622975798518 49.01400579217224 8.413693675930205 49.0135913548568 8.413706932205145 49.01360025688601 8.41317100626219 49.0135014733666 8.413028321147436 49.01352356969733 8.412661699671133 49.013634051203184 8.412564594522763 49.01366264637636 8.411948274095863 49.01360467649178 8.41189465633073 49.01375627072687 8.40810023613787 49.013720898692526 8.407973113513236 49.01382701472059 8.40783828648702 49.0138973984441 8.406070805546904 49.013639691410305 8.406013714697679 49.0135339967548 8.40586022180318 49.01324541685315 8.405361212042862 49.013194314346975 8.405442737039465");
way["landuse"="grass"](poly:"49.013194314346975 8.405442737039465 49.01154897124982 8.407585018479693 49.011526307742315 8.407695587844046 49.010556296715805 8.408974043411575 49.01108663042524 8.410059005302372 49.01041578000007 8.411420390604604 49.00932336232876 8.411323642410906 49.00906499438972 8.417093997532305 49.009740395880414 8.417681397281825 49.00968600501193 8.418983219885689 49.01028434027242 8.42053810157634 49.01133236106867 8.420427535222558 49.01135955738249 8.420068184787027 49.01143661352489 8.420012900104354 49.01334938120428 8.420095824250012 49.01332218379298 8.422763193257452 49.017804649267305 8.42173353607518 49.01689368261111 8.417870518897246 49.018080184207975 8.417267044774832 49.019125340638084 8.41646249118341 49.019253104823036 8.415843466101506 49.01937609418994 8.414941247895598 49.0191766517373 8.414733433592573 49.01898053254675 8.414348216836089 49.018900755027715 8.414109990683698 49.01882430145193 8.413658881586656 49.01888745876201 8.413238184339122 49.018578319585316 8.413283802111721 49.01839549443787 8.41347641049154 49.01812394566758 8.413560218398459 49.0174946362429 8.413333363536168 49.01727574414332 8.413174304379453 49.01732143989571 8.413343127792814 49.01710174193454 8.41355003404388 49.01672049918619 8.413599297136443 49.01617124583436 8.413628855172533 49.01575609311132 8.413471550981853 49.014842602028835 8.413292657677118 49.01468395488257 8.41332691899288 49.01425793066895 8.413622975798518 49.01400579217224 8.413693675930205 49.0135913548568 8.413706932205145 49.01360025688601 8.41317100626219 49.0135014733666 8.413028321147436 49.01352356969733 8.412661699671133 49.013634051203184 8.412564594522763 49.01366264637636 8.411948274095863 49.01360467649178 8.41189465633073 49.01375627072687 8.40810023613787 49.013720898692526 8.407973113513236 49.01382701472059 8.40783828648702 49.0138973984441 8.406070805546904 49.013639691410305 8.406013714697679 49.0135339967548 8.40586022180318 49.01324541685315 8.405361212042862 49.013194314346975 8.405442737039465");
way["natural"="grassland"](poly:"49.013194314346975 8.405442737039465 49.01154897124982 8.407585018479693 49.011526307742315 8.407695587844046 49.010556296715805 8.408974043411575 49.01108663042524 8.410059005302372 49.01041578000007 8.411420390604604 49.00932336232876 8.411323642410906 49.00906499438972 8.417093997532305 49.009740395880414 8.417681397281825 49.00968600501193 8.418983219885689 49.01028434027242 8.42053810157634 49.01133236106867 8.420427535222558 49.01135955738249 8.420068184787027 49.01143661352489 8.420012900104354 49.01334938120428 8.420095824250012 49.01332218379298 8.422763193257452 49.017804649267305 8.42173353607518 49.01689368261111 8.417870518897246 49.018080184207975 8.417267044774832 49.019125340638084 8.41646249118341 49.019253104823036 8.415843466101506 49.01937609418994 8.414941247895598 49.0191766517373 8.414733433592573 49.01898053254675 8.414348216836089 49.018900755027715 8.414109990683698 49.01882430145193 8.413658881586656 49.01888745876201 8.413238184339122 49.018578319585316 8.413283802111721 49.01839549443787 8.41347641049154 49.01812394566758 8.413560218398459 49.0174946362429 8.413333363536168 49.01727574414332 8.413174304379453 49.01732143989571 8.413343127792814 49.01710174193454 8.41355003404388 49.01672049918619 8.413599297136443 49.01617124583436 8.413628855172533 49.01575609311132 8.413471550981853 49.014842602028835 8.413292657677118 49.01468395488257 8.41332691899288 49.01425793066895 8.413622975798518 49.01400579217224 8.413693675930205 49.0135913548568 8.413706932205145 49.01360025688601 8.41317100626219 49.0135014733666 8.413028321147436 49.01352356969733 8.412661699671133 49.013634051203184 8.412564594522763 49.01366264637636 8.411948274095863 49.01360467649178 8.41189465633073 49.01375627072687 8.40810023613787 49.013720898692526 8.407973113513236 49.01382701472059 8.40783828648702 49.0138973984441 8.406070805546904 49.013639691410305 8.406013714697679 49.0135339967548 8.40586022180318 49.01324541685315 8.405361212042862 49.013194314346975 8.405442737039465");

// Denkmäler (inkl. Stolpersteine)
node["historic"~"memorial|monument"](poly:"49.013194314346975 8.405442737039465 49.01154897124982 8.407585018479693 49.011526307742315 8.407695587844046 49.010556296715805 8.408974043411575 49.01108663042524 8.410059005302372 49.01041578000007 8.411420390604604 49.00932336232876 8.411323642410906 49.00906499438972 8.417093997532305 49.009740395880414 8.417681397281825 49.00968600501193 8.418983219885689 49.01028434027242 8.42053810157634 49.01133236106867 8.420427535222558 49.01135955738249 8.420068184787027 49.01143661352489 8.420012900104354 49.01334938120428 8.420095824250012 49.01332218379298 8.422763193257452 49.017804649267305 8.42173353607518 49.01689368261111 8.417870518897246 49.018080184207975 8.417267044774832 49.019125340638084 8.41646249118341 49.019253104823036 8.415843466101506 49.01937609418994 8.414941247895598 49.0191766517373 8.414733433592573 49.01898053254675 8.414348216836089 49.018900755027715 8.414109990683698 49.01882430145193 8.413658881586656 49.01888745876201 8.413238184339122 49.018578319585316 8.413283802111721 49.01839549443787 8.41347641049154 49.01812394566758 8.413560218398459 49.0174946362429 8.413333363536168 49.01727574414332 8.413174304379453 49.01732143989571 8.413343127792814 49.01710174193454 8.41355003404388 49.01672049918619 8.413599297136443 49.01617124583436 8.413628855172533 49.01575609311132 8.413471550981853 49.014842602028835 8.413292657677118 49.01468395488257 8.41332691899288 49.01425793066895 8.413622975798518 49.01400579217224 8.413693675930205 49.0135913548568 8.413706932205145 49.01360025688601 8.41317100626219 49.0135014733666 8.413028321147436 49.01352356969733 8.412661699671133 49.013634051203184 8.412564594522763 49.01366264637636 8.411948274095863 49.01360467649178 8.41189465633073 49.01375627072687 8.40810023613787 49.013720898692526 8.407973113513236 49.01382701472059 8.40783828648702 49.0138973984441 8.406070805546904 49.013639691410305 8.406013714697679 49.0135339967548 8.40586022180318 49.01324541685315 8.405361212042862 49.013194314346975 8.405442737039465");
way["historic"~"memorial|monument"](poly:"49.013194314346975 8.405442737039465 49.01154897124982 8.407585018479693 49.011526307742315 8.407695587844046 49.010556296715805 8.408974043411575 49.01108663042524 8.410059005302372 49.01041578000007 8.411420390604604 49.00932336232876 8.411323642410906 49.00906499438972 8.417093997532305 49.009740395880414 8.417681397281825 49.00968600501193 8.418983219885689 49.01028434027242 8.42053810157634 49.01133236106867 8.420427535222558 49.01135955738249 8.420068184787027 49.01143661352489 8.420012900104354 49.01334938120428 8.420095824250012 49.01332218379298 8.422763193257452 49.017804649267305 8.42173353607518 49.01689368261111 8.417870518897246 49.018080184207975 8.417267044774832 49.019125340638084 8.41646249118341 49.019253104823036 8.415843466101506 49.01937609418994 8.414941247895598 49.0191766517373 8.414733433592573 49.01898053254675 8.414348216836089 49.018900755027715 8.414109990683698 49.01882430145193 8.413658881586656 49.01888745876201 8.413238184339122 49.018578319585316 8.413283802111721 49.01839549443787 8.41347641049154 49.01812394566758 8.413560218398459 49.0174946362429 8.413333363536168 49.01727574414332 8.413174304379453 49.01732143989571 8.413343127792814 49.01710174193454 8.41355003404388 49.01672049918619 8.413599297136443 49.01617124583436 8.413628855172533 49.01575609311132 8.413471550981853 49.014842602028835 8.413292657677118 49.01468395488257 8.41332691899288 49.01425793066895 8.413622975798518 49.01400579217224 8.413693675930205 49.0135913548568 8.413706932205145 49.01360025688601 8.41317100626219 49.0135014733666 8.413028321147436 49.01352356969733 8.412661699671133 49.013634051203184 8.412564594522763 49.01366264637636 8.411948274095863 49.01360467649178 8.41189465633073 49.01375627072687 8.40810023613787 49.013720898692526 8.407973113513236 49.01382701472059 8.40783828648702 49.0138973984441 8.406070805546904 49.013639691410305 8.406013714697679 49.0135339967548 8.40586022180318 49.01324541685315 8.405361212042862 49.013194314346975 8.405442737039465");
relation["historic"~"memorial|monument"](poly:"49.013194314346975 8.405442737039465 49.01154897124982 8.407585018479693 49.011526307742315 8.407695587844046 49.010556296715805 8.408974043411575 49.01108663042524 8.410059005302372 49.01041578000007 8.411420390604604 49.00932336232876 8.411323642410906 49.00906499438972 8.417093997532305 49.009740395880414 8.417681397281825 49.00968600501193 8.418983219885689 49.01028434027242 8.42053810157634 49.01133236106867 8.420427535222558 49.01135955738249 8.420068184787027 49.01143661352489 8.420012900104354 49.01334938120428 8.420095824250012 49.01332218379298 8.422763193257452 49.017804649267305 8.42173353607518 49.01689368261111 8.417870518897246 49.018080184207975 8.417267044774832 49.019125340638084 8.41646249118341 49.019253104823036 8.415843466101506 49.01937609418994 8.414941247895598 49.0191766517373 8.414733433592573 49.01898053254675 8.414348216836089 49.018900755027715 8.414109990683698 49.01882430145193 8.413658881586656 49.01888745876201 8.413238184339122 49.018578319585316 8.413283802111721 49.01839549443787 8.41347641049154 49.01812394566758 8.413560218398459 49.0174946362429 8.413333363536168 49.01727574414332 8.413174304379453 49.01732143989571 8.413343127792814 49.01710174193454 8.41355003404388 49.01672049918619 8.413599297136443 49.01617124583436 8.413628855172533 49.01575609311132 8.413471550981853 49.014842602028835 8.413292657677118 49.01468395488257 8.41332691899288 49.01425793066895 8.413622975798518 49.01400579217224 8.413693675930205 49.0135913548568 8.413706932205145 49.01360025688601 8.41317100626219 49.0135014733666 8.413028321147436 49.01352356969733 8.412661699671133 49.013634051203184 8.412564594522763 49.01366264637636 8.411948274095863 49.01360467649178 8.41189465633073 49.01375627072687 8.40810023613787 49.013720898692526 8.407973113513236 49.01382701472059 8.40783828648702 49.0138973984441 8.406070805546904 49.013639691410305 8.406013714697679 49.0135339967548 8.40586022180318 49.01324541685315 8.405361212042862 49.013194314346975 8.405442737039465");

// Stolpersteine (speziell getaggt)
node["memorial:type"="stolperstein"](poly:"49.013194314346975 8.405442737039465 49.01154897124982 8.407585018479693 49.011526307742315 8.407695587844046 49.010556296715805 8.408974043411575 49.01108663042524 8.410059005302372 49.01041578000007 8.411420390604604 49.00932336232876 8.411323642410906 49.00906499438972 8.417093997532305 49.009740395880414 8.417681397281825 49.00968600501193 8.418983219885689 49.01028434027242 8.42053810157634 49.01133236106867 8.420427535222558 49.01135955738249 8.420068184787027 49.01143661352489 8.420012900104354 49.01334938120428 8.420095824250012 49.01332218379298 8.422763193257452 49.017804649267305 8.42173353607518 49.01689368261111 8.417870518897246 49.018080184207975 8.417267044774832 49.019125340638084 8.41646249118341 49.019253104823036 8.415843466101506 49.01937609418994 8.414941247895598 49.0191766517373 8.414733433592573 49.01898053254675 8.414348216836089 49.018900755027715 8.414109990683698 49.01882430145193 8.413658881586656 49.01888745876201 8.413238184339122 49.018578319585316 8.413283802111721 49.01839549443787 8.41347641049154 49.01812394566758 8.413560218398459 49.0174946362429 8.413333363536168 49.01727574414332 8.413174304379453 49.01732143989571 8.413343127792814 49.01710174193454 8.41355003404388 49.01672049918619 8.413599297136443 49.01617124583436 8.413628855172533 49.01575609311132 8.413471550981853 49.014842602028835 8.413292657677118 49.01468395488257 8.41332691899288 49.01425793066895 8.413622975798518 49.01400579217224 8.413693675930205 49.0135913548568 8.413706932205145 49.01360025688601 8.41317100626219 49.0135014733666 8.413028321147436 49.01352356969733 8.412661699671133 49.013634051203184 8.412564594522763 49.01366264637636 8.411948274095863 49.01360467649178 8.41189465633073 49.01375627072687 8.40810023613787 49.013720898692526 8.407973113513236 49.01382701472059 8.40783828648702 49.0138973984441 8.406070805546904 49.013639691410305 8.406013714697679 49.0135339967548 8.40586022180318 49.01324541685315 8.405361212042862 49.013194314346975 8.405442737039465");

// Haltestellen/Haltepunkte
node["public_transport"~"platform|stop_position"](poly:"49.013194314346975 8.405442737039465 49.01154897124982 8.407585018479693 49.011526307742315 8.407695587844046 49.010556296715805 8.408974043411575 49.01108663042524 8.410059005302372 49.01041578000007 8.411420390604604 49.00932336232876 8.411323642410906 49.00906499438972 8.417093997532305 49.009740395880414 8.417681397281825 49.00968600501193 8.418983219885689 49.01028434027242 8.42053810157634 49.01133236106867 8.420427535222558 49.01135955738249 8.420068184787027 49.01143661352489 8.420012900104354 49.01334938120428 8.420095824250012 49.01332218379298 8.422763193257452 49.017804649267305 8.42173353607518 49.01689368261111 8.417870518897246 49.018080184207975 8.417267044774832 49.019125340638084 8.41646249118341 49.019253104823036 8.415843466101506 49.01937609418994 8.414941247895598 49.0191766517373 8.414733433592573 49.01898053254675 8.414348216836089 49.018900755027715 8.414109990683698 49.01882430145193 8.413658881586656 49.01888745876201 8.413238184339122 49.018578319585316 8.413283802111721 49.01839549443787 8.41347641049154 49.01812394566758 8.413560218398459 49.0174946362429 8.413333363536168 49.01727574414332 8.413174304379453 49.01732143989571 8.413343127792814 49.01710174193454 8.41355003404388 49.01672049918619 8.413599297136443 49.01617124583436 8.413628855172533 49.01575609311132 8.413471550981853 49.014842602028835 8.413292657677118 49.01468395488257 8.41332691899288 49.01425793066895 8.413622975798518 49.01400579217224 8.413693675930205 49.0135913548568 8.413706932205145 49.01360025688601 8.41317100626219 49.0135014733666 8.413028321147436 49.01352356969733 8.412661699671133 49.013634051203184 8.412564594522763 49.01366264637636 8.411948274095863 49.01360467649178 8.41189465633073 49.01375627072687 8.40810023613787 49.013720898692526 8.407973113513236 49.01382701472059 8.40783828648702 49.0138973984441 8.406070805546904 49.013639691410305 8.406013714697679 49.0135339967548 8.40586022180318 49.01324541685315 8.405361212042862 49.013194314346975 8.405442737039465");
way["public_transport"~"platform|stop_position"](poly:"49.013194314346975 8.405442737039465 49.01154897124982 8.407585018479693 49.011526307742315 8.407695587844046 49.010556296715805 8.408974043411575 49.01108663042524 8.410059005302372 49.01041578000007 8.411420390604604 49.00932336232876 8.411323642410906 49.00906499438972 8.417093997532305 49.009740395880414 8.417681397281825 49.00968600501193 8.418983219885689 49.01028434027242 8.42053810157634 49.01133236106867 8.420427535222558 49.01135955738249 8.420068184787027 49.01143661352489 8.420012900104354 49.01334938120428 8.420095824250012 49.01332218379298 8.422763193257452 49.017804649267305 8.42173353607518 49.01689368261111 8.417870518897246 49.018080184207975 8.417267044774832 49.019125340638084 8.41646249118341 49.019253104823036 8.415843466101506 49.01937609418994 8.414941247895598 49.0191766517373 8.414733433592573 49.01898053254675 8.414348216836089 49.018900755027715 8.414109990683698 49.01882430145193 8.413658881586656 49.01888745876201 8.413238184339122 49.018578319585316 8.413283802111721 49.01839549443787 8.41347641049154 49.01812394566758 8.413560218398459 49.0174946362429 8.413333363536168 49.01727574414332 8.413174304379453 49.01732143989571 8.413343127792814 49.01710174193454 8.41355003404388 49.01672049918619 8.413599297136443 49.01617124583436 8.413628855172533 49.01575609311132 8.413471550981853 49.014842602028835 8.413292657677118 49.01468395488257 8.41332691899288 49.01425793066895 8.413622975798518 49.01400579217224 8.413693675930205 49.0135913548568 8.413706932205145 49.01360025688601 8.41317100626219 49.0135014733666 8.413028321147436 49.01352356969733 8.412661699671133 49.013634051203184 8.412564594522763 49.01366264637636 8.411948274095863 49.01360467649178 8.41189465633073 49.01375627072687 8.40810023613787 49.013720898692526 8.407973113513236 49.01382701472059 8.40783828648702 49.0138973984441 8.406070805546904 49.013639691410305 8.406013714697679 49.0135339967548 8.40586022180318 49.01324541685315 8.405361212042862 49.013194314346975 8.405442737039465");
node["highway"="bus_stop"](poly:"49.013194314346975 8.405442737039465 49.01154897124982 8.407585018479693 49.011526307742315 8.407695587844046 49.010556296715805 8.408974043411575 49.01108663042524 8.410059005302372 49.01041578000007 8.411420390604604 49.00932336232876 8.411323642410906 49.00906499438972 8.417093997532305 49.009740395880414 8.417681397281825 49.00968600501193 8.418983219885689 49.01028434027242 8.42053810157634 49.01133236106867 8.420427535222558 49.01135955738249 8.420068184787027 49.01143661352489 8.420012900104354 49.01334938120428 8.420095824250012 49.01332218379298 8.422763193257452 49.017804649267305 8.42173353607518 49.01689368261111 8.417870518897246 49.018080184207975 8.417267044774832 49.019125340638084 8.41646249118341 49.019253104823036 8.415843466101506 49.01937609418994 8.414941247895598 49.0191766517373 8.414733433592573 49.01898053254675 8.414348216836089 49.018900755027715 8.414109990683698 49.01882430145193 8.413658881586656 49.01888745876201 8.413238184339122 49.018578319585316 8.413283802111721 49.01839549443787 8.41347641049154 49.01812394566758 8.413560218398459 49.0174946362429 8.413333363536168 49.01727574414332 8.413174304379453 49.01732143989571 8.413343127792814 49.01710174193454 8.41355003404388 49.01672049918619 8.413599297136443 49.01617124583436 8.413628855172533 49.01575609311132 8.413471550981853 49.014842602028835 8.413292657677118 49.01468395488257 8.41332691899288 49.01425793066895 8.413622975798518 49.01400579217224 8.413693675930205 49.0135913548568 8.413706932205145 49.01360025688601 8.41317100626219 49.0135014733666 8.413028321147436 49.01352356969733 8.412661699671133 49.013634051203184 8.412564594522763 49.01366264637636 8.411948274095863 49.01360467649178 8.41189465633073 49.01375627072687 8.40810023613787 49.013720898692526 8.407973113513236 49.01382701472059 8.40783828648702 49.0138973984441 8.406070805546904 49.013639691410305 8.406013714697679 49.0135339967548 8.40586022180318 49.01324541685315 8.405361212042862 49.013194314346975 8.405442737039465");
node["railway"~"tram_stop|station|halt"](poly:"49.013194314346975 8.405442737039465 49.01154897124982 8.407585018479693 49.011526307742315 8.407695587844046 49.010556296715805 8.408974043411575 49.01108663042524 8.410059005302372 49.01041578000007 8.411420390604604 49.00932336232876 8.411323642410906 49.00906499438972 8.417093997532305 49.009740395880414 8.417681397281825 49.00968600501193 8.418983219885689 49.01028434027242 8.42053810157634 49.01133236106867 8.420427535222558 49.01135955738249 8.420068184787027 49.01143661352489 8.420012900104354 49.01334938120428 8.420095824250012 49.01332218379298 8.422763193257452 49.017804649267305 8.42173353607518 49.01689368261111 8.417870518897246 49.018080184207975 8.417267044774832 49.019125340638084 8.41646249118341 49.019253104823036 8.415843466101506 49.01937609418994 8.414941247895598 49.0191766517373 8.414733433592573 49.01898053254675 8.414348216836089 49.018900755027715 8.414109990683698 49.01882430145193 8.413658881586656 49.01888745876201 8.413238184339122 49.018578319585316 8.413283802111721 49.01839549443787 8.41347641049154 49.01812394566758 8.413560218398459 49.0174946362429 8.413333363536168 49.01727574414332 8.413174304379453 49.01732143989571 8.413343127792814 49.01710174193454 8.41355003404388 49.01672049918619 8.413599297136443 49.01617124583436 8.413628855172533 49.01575609311132 8.413471550981853 49.014842602028835 8.413292657677118 49.01468395488257 8.41332691899288 49.01425793066895 8.413622975798518 49.01400579217224 8.413693675930205 49.0135913548568 8.413706932205145 49.01360025688601 8.41317100626219 49.0135014733666 8.413028321147436 49.01352356969733 8.412661699671133 49.013634051203184 8.412564594522763 49.01366264637636 8.411948274095863 49.01360467649178 8.41189465633073 49.01375627072687 8.40810023613787 49.013720898692526 8.407973113513236 49.01382701472059 8.40783828648702 49.0138973984441 8.406070805546904 49.013639691410305 8.406013714697679 49.0135339967548 8.40586022180318 49.01324541685315 8.405361212042862 49.013194314346975 8.405442737039465");

// Plätze/Orte
way["place"~"square"](poly:"49.013194314346975 8.405442737039465 49.01154897124982 8.407585018479693 49.011526307742315 8.407695587844046 49.010556296715805 8.408974043411575 49.01108663042524 8.410059005302372 49.01041578000007 8.411420390604604 49.00932336232876 8.411323642410906 49.00906499438972 8.417093997532305 49.009740395880414 8.417681397281825 49.00968600501193 8.418983219885689 49.01028434027242 8.42053810157634 49.01133236106867 8.420427535222558 49.01135955738249 8.420068184787027 49.01143661352489 8.420012900104354 49.01334938120428 8.420095824250012 49.01332218379298 8.422763193257452 49.017804649267305 8.42173353607518 49.01689368261111 8.417870518897246 49.018080184207975 8.417267044774832 49.019125340638084 8.41646249118341 49.019253104823036 8.415843466101506 49.01937609418994 8.414941247895598 49.0191766517373 8.414733433592573 49.01898053254675 8.414348216836089 49.018900755027715 8.414109990683698 49.01882430145193 8.413658881586656 49.01888745876201 8.413238184339122 49.018578319585316 8.413283802111721 49.01839549443787 8.41347641049154 49.01812394566758 8.413560218398459 49.0174946362429 8.413333363536168 49.01727574414332 8.413174304379453 49.01732143989571 8.413343127792814 49.01710174193454 8.41355003404388 49.01672049918619 8.413599297136443 49.01617124583436 8.413628855172533 49.01575609311132 8.413471550981853 49.014842602028835 8.413292657677118 49.01468395488257 8.41332691899288 49.01425793066895 8.413622975798518 49.01400579217224 8.413693675930205 49.0135913548568 8.413706932205145 49.01360025688601 8.41317100626219 49.0135014733666 8.413028321147436 49.01352356969733 8.412661699671133 49.013634051203184 8.412564594522763 49.01366264637636 8.411948274095863 49.01360467649178 8.41189465633073 49.01375627072687 8.40810023613787 49.013720898692526 8.407973113513236 49.01382701472059 8.40783828648702 49.0138973984441 8.406070805546904 49.013639691410305 8.406013714697679 49.0135339967548 8.40586022180318 49.01324541685315 8.405361212042862 49.013194314346975 8.405442737039465");
relation["place"~"square"](poly:"49.013194314346975 8.405442737039465 49.01154897124982 8.407585018479693 49.011526307742315 8.407695587844046 49.010556296715805 8.408974043411575 49.01108663042524 8.410059005302372 49.01041578000007 8.411420390604604 49.00932336232876 8.411323642410906 49.00906499438972 8.417093997532305 49.009740395880414 8.417681397281825 49.00968600501193 8.418983219885689 49.01028434027242 8.42053810157634 49.01133236106867 8.420427535222558 49.01135955738249 8.420068184787027 49.01143661352489 8.420012900104354 49.01334938120428 8.420095824250012 49.01332218379298 8.422763193257452 49.017804649267305 8.42173353607518 49.01689368261111 8.417870518897246 49.018080184207975 8.417267044774832 49.019125340638084 8.41646249118341 49.019253104823036 8.415843466101506 49.01937609418994 8.414941247895598 49.0191766517373 8.414733433592573 49.01898053254675 8.414348216836089 49.018900755027715 8.414109990683698 49.01882430145193 8.413658881586656 49.01888745876201 8.413238184339122 49.018578319585316 8.413283802111721 49.01839549443787 8.41347641049154 49.01812394566758 8.413560218398459 49.0174946362429 8.413333363536168 49.01727574414332 8.413174304379453 49.01732143989571 8.413343127792814 49.01710174193454 8.41355003404388 49.01672049918619 8.413599297136443 49.01617124583436 8.413628855172533 49.01575609311132 8.413471550981853 49.014842602028835 8.413292657677118 49.01468395488257 8.41332691899288 49.01425793066895 8.413622975798518 49.01400579217224 8.413693675930205 49.0135913548568 8.413706932205145 49.01360025688601 8.41317100626219 49.0135014733666 8.413028321147436 49.01352356969733 8.412661699671133 49.013634051203184 8.412564594522763 49.01366264637636 8.411948274095863 49.01360467649178 8.41189465633073 49.01375627072687 8.40810023613787 49.013720898692526 8.407973113513236 49.01382701472059 8.40783828648702 49.0138973984441 8.406070805546904 49.013639691410305 8.406013714697679 49.0135339967548 8.40586022180318 49.01324541685315 8.405361212042862 49.013194314346975 8.405442737039465");
way["highway"="pedestrian"]["area"=yes](poly:"49.013194314346975 8.405442737039465 49.01154897124982 8.407585018479693 49.011526307742315 8.407695587844046 49.010556296715805 8.408974043411575 49.01108663042524 8.410059005302372 49.01041578000007 8.411420390604604 49.00932336232876 8.411323642410906 49.00906499438972 8.417093997532305 49.009740395880414 8.417681397281825 49.00968600501193 8.418983219885689 49.01028434027242 8.42053810157634 49.01133236106867 8.420427535222558 49.01135955738249 8.420068184787027 49.01143661352489 8.420012900104354 49.01334938120428 8.420095824250012 49.01332218379298 8.422763193257452 49.017804649267305 8.42173353607518 49.01689368261111 8.417870518897246 49.018080184207975 8.417267044774832 49.019125340638084 8.41646249118341 49.019253104823036 8.415843466101506 49.01937609418994 8.414941247895598 49.0191766517373 8.414733433592573 49.01898053254675 8.414348216836089 49.018900755027715 8.414109990683698 49.01882430145193 8.413658881586656 49.01888745876201 8.413238184339122 49.018578319585316 8.413283802111721 49.01839549443787 8.41347641049154 49.01812394566758 8.413560218398459 49.0174946362429 8.413333363536168 49.01727574414332 8.413174304379453 49.01732143989571 8.413343127792814 49.01710174193454 8.41355003404388 49.01672049918619 8.413599297136443 49.01617124583436 8.413628855172533 49.01575609311132 8.413471550981853 49.014842602028835 8.413292657677118 49.01468395488257 8.41332691899288 49.01425793066895 8.413622975798518 49.01400579217224 8.413693675930205 49.0135913548568 8.413706932205145 49.01360025688601 8.41317100626219 49.0135014733666 8.413028321147436 49.01352356969733 8.412661699671133 49.013634051203184 8.412564594522763 49.01366264637636 8.411948274095863 49.01360467649178 8.41189465633073 49.01375627072687 8.40810023613787 49.013720898692526 8.407973113513236 49.01382701472059 8.40783828648702 49.0138973984441 8.406070805546904 49.013639691410305 8.406013714697679 49.0135339967548 8.40586022180318 49.01324541685315 8.405361212042862 49.013194314346975 8.405442737039465");

// Essensmöglichkeiten wie gehabt
node["amenity"~"restaurant|cafe|fast_food|food_court|ice_cream|bar|pub"](poly:"49.013194314346975 8.405442737039465 49.01154897124982 8.407585018479693 49.011526307742315 8.407695587844046 49.010556296715805 8.408974043411575 49.01108663042524 8.410059005302372 49.01041578000007 8.411420390604604 49.00932336232876 8.411323642410906 49.00906499438972 8.417093997532305 49.009740395880414 8.417681397281825 49.00968600501193 8.418983219885689 49.01028434027242 8.42053810157634 49.01133236106867 8.420427535222558 49.01135955738249 8.420068184787027 49.01143661352489 8.420012900104354 49.01334938120428 8.420095824250012 49.01332218379298 8.422763193257452 49.017804649267305 8.42173353607518 49.01689368261111 8.417870518897246 49.018080184207975 8.417267044774832 49.019125340638084 8.41646249118341 49.019253104823036 8.415843466101506 49.01937609418994 8.414941247895598 49.0191766517373 8.414733433592573 49.01898053254675 8.414348216836089 49.018900755027715 8.414109990683698 49.01882430145193 8.413658881586656 49.01888745876201 8.413238184339122 49.018578319585316 8.413283802111721 49.01839549443787 8.41347641049154 49.01812394566758 8.413560218398459 49.0174946362429 8.413333363536168 49.01727574414332 8.413174304379453 49.01732143989571 8.413343127792814 49.01710174193454 8.41355003404388 49.01672049918619 8.413599297136443 49.01617124583436 8.413628855172533 49.01575609311132 8.413471550981853 49.014842602028835 8.413292657677118 49.01468395488257 8.41332691899288 49.01425793066895 8.413622975798518 49.01400579217224 8.413693675930205 49.0135913548568 8.413706932205145 49.01360025688601 8.41317100626219 49.0135014733666 8.413028321147436 49.01352356969733 8.412661699671133 49.013634051203184 8.412564594522763 49.01366264637636 8.411948274095863 49.01360467649178 8.41189465633073 49.01375627072687 8.40810023613787 49.013720898692526 8.407973113513236 49.01382701472059 8.40783828648702 49.0138973984441 8.406070805546904 49.013639691410305 8.406013714697679 49.0135339967548 8.40586022180318 49.01324541685315 8.405361212042862 49.013194314346975 8.405442737039465");
way["amenity"~"restaurant|cafe|fast_food|food_court|ice_cream|bar|pub"](poly:"49.013194314346975 8.405442737039465 49.01154897124982 8.407585018479693 49.011526307742315 8.407695587844046 49.010556296715805 8.408974043411575 49.01108663042524 8.410059005302372 49.01041578000007 8.411420390604604 49.00932336232876 8.411323642410906 49.00906499438972 8.417093997532305 49.009740395880414 8.417681397281825 49.00968600501193 8.418983219885689 49.01028434027242 8.42053810157634 49.01133236106867 8.420427535222558 49.01135955738249 8.420068184787027 49.01143661352489 8.420012900104354 49.01334938120428 8.420095824250012 49.01332218379298 8.422763193257452 49.017804649267305 8.42173353607518 49.01689368261111 8.417870518897246 49.018080184207975 8.417267044774832 49.019125340638084 8.41646249118341 49.019253104823036 8.415843466101506 49.01937609418994 8.414941247895598 49.0191766517373 8.414733433592573 49.01898053254675 8.414348216836089 49.018900755027715 8.414109990683698 49.01882430145193 8.413658881586656 49.01888745876201 8.413238184339122 49.018578319585316 8.413283802111721 49.01839549443787 8.41347641049154 49.01812394566758 8.413560218398459 49.0174946362429 8.413333363536168 49.01727574414332 8.413174304379453 49.01732143989571 8.413343127792814 49.01710174193454 8.41355003404388 49.01672049918619 8.413599297136443 49.01617124583436 8.413628855172533 49.01575609311132 8.413471550981853 49.014842602028835 8.413292657677118 49.01468395488257 8.41332691899288 49.01425793066895 8.413622975798518 49.01400579217224 8.413693675930205 49.0135913548568 8.413706932205145 49.01360025688601 8.41317100626219 49.0135014733666 8.413028321147436 49.01352356969733 8.412661699671133 49.013634051203184 8.412564594522763 49.01366264637636 8.411948274095863 49.01360467649178 8.41189465633073 49.01375627072687 8.40810023613787 49.013720898692526 8.407973113513236 49.01382701472059 8.40783828648702 49.0138973984441 8.406070805546904 49.013639691410305 8.406013714697679 49.0135339967548 8.40586022180318 49.01324541685315 8.405361212042862 49.013194314346975 8.405442737039465");
relation["amenity"~"restaurant|cafe|fast_food|food_court|ice_cream|bar|pub"](poly:"49.013194314346975 8.405442737039465 49.01154897124982 8.407585018479693 49.011526307742315 8.407695587844046 49.010556296715805 8.408974043411575 49.01108663042524 8.410059005302372 49.01041578000007 8.411420390604604 49.00932336232876 8.411323642410906 49.00906499438972 8.417093997532305 49.009740395880414 8.417681397281825 49.00968600501193 8.418983219885689 49.01028434027242 8.42053810157634 49.01133236106867 8.420427535222558 49.01135955738249 8.420068184787027 49.01143661352489 8.420012900104354 49.01334938120428 8.420095824250012 49.01332218379298 8.422763193257452 49.017804649267305 8.42173353607518 49.01689368261111 8.417870518897246 49.018080184207975 8.417267044774832 49.019125340638084 8.41646249118341 49.019253104823036 8.415843466101506 49.01937609418994 8.414941247895598 49.0191766517373 8.414733433592573 49.01898053254675 8.414348216836089 49.018900755027715 8.414109990683698 49.01882430145193 8.413658881586656 49.01888745876201 8.413238184339122 49.018578319585316 8.413283802111721 49.01839549443787 8.41347641049154 49.01812394566758 8.413560218398459 49.0174946362429 8.413333363536168 49.01727574414332 8.413174304379453 49.01732143989571 8.413343127792814 49.01710174193454 8.41355003404388 49.01672049918619 8.413599297136443 49.01617124583436 8.413628855172533 49.01575609311132 8.413471550981853 49.014842602028835 8.413292657677118 49.01468395488257 8.41332691899288 49.01425793066895 8.413622975798518 49.01400579217224 8.413693675930205 49.0135913548568 8.413706932205145 49.01360025688601 8.41317100626219 49.0135014733666 8.413028321147436 49.01352356969733 8.412661699671133 49.013634051203184 8.412564594522763 49.01366264637636 8.411948274095863 49.01360467649178 8.41189465633073 49.01375627072687 8.40810023613787 49.013720898692526 8.407973113513236 49.01382701472059 8.40783828648702 49.0138973984441 8.406070805546904 49.013639691410305 8.406013714697679 49.0135339967548 8.40586022180318 49.01324541685315 8.405361212042862 49.013194314346975 8.405442737039465");

out body;
>;
out skel qt;